0,1,193
0,21,2172
1,2,188
1,0,193
1,3,403
2,1,188
3,1,403
3,4,2295
3,20,2007
4,7,1807
4,3,2295
5,6,126
5,7,760
6,5,126
7,4,1807
7,5,760
7,11,1642
8,9,96
8,10,2815
8,158,3507
9,8,96
10,150,720
10,8,2815
10,171,1992
11,12,359
11,7,1642
11,13,1254
12,11,359
13,14,5
13,15,3
13,16,8
13,11,1254
14,19,1043
14,18,1
14,13,5
15,18,2
15,17,2
15,13,3
16,17,4
16,20,136
16,13,8
17,18,2
17,16,4
17,15,2
18,14,1
18,17,2
18,15,2
19,14,1043
19,156,184
19,159,941
20,3,2007
20,16,136
20,21,223
21,22,12
21,20,223
21,164,1372
22,21,12
22,2966,3746
22,2,2177
23,24,1546
24,25,356
24,23,1546
24,69,493
25,26,126
25,24,356
25,71,1070
26,25,126
27,28,619
27,29,496
27,31,327
28,27,619
28,42,1025
28,40,369
29,27,496
29,30,3353
29,32,297
30,29,3353
30,58,426
30,127,2466
31,27,327
31,33,93
31,40,689
32,33,11
32,29,297
32,35,359
33,31,93
33,34,405
33,32,11
34,33,405
34,36,413
34,46,292
35,36,95
35,32,359
35,37,504
36,34,413
36,57,824
36,35,95
37,35,504
37,56,789
37,38,140
38,37,140
38,39,105
39,38,105
40,41,37
40,28,369
40,31,689
40,42,480
40,47,639
41,40,37
42,28,1025
42,40,480
42,45,126
43,44,69
43,50,613
43,52,1239
44,43,69
45,42,126
45,55,688
45,48,707
46,47,251
46,34,292
46,59,669
47,40,639
47,48,224
47,46,251
48,45,707
48,47,224
48,49,267
49,48,267
49,63,1076
49,55,13
50,43,613
50,51,1559
50,52,582
50,60,780
51,62,672
51,66,101
51,50,1559
52,54,43
52,53,52
52,43,1239
52,50,582
53,52,52
54,55,66
54,61,609
54,52,43
55,49,13
55,45,688
55,54,66
56,37,789
56,57,421
56,58,604
56,115,1138
57,36,824
57,56,421
57,116,893
57,59,775
58,30,426
58,56,604
58,113,1478
59,46,669
59,57,775
59,64,638
60,50,780
60,61,304
60,62,1675
61,54,609
61,60,304
61,65,1011
62,60,1675
62,145,3207
62,51,672
63,64,260
63,49,1076
63,122,661
64,59,638
64,116,995
64,121,636
64,63,260
65,61,1011
65,120,380
65,128,1720
65,130,2728
66,51,101
67,68,93
67,129,570
68,67,93
69,24,493
69,70,641
69,72,415
70,71,272
70,69,641
70,77,760
71,25,1070
71,70,272
71,76,764
72,69,415
72,86,834
72,126,2295
73,74,10
73,80,940
73,92,433
74,75,20
74,73,10
75,74,20
76,71,764
76,80,329
76,77,268
77,78,116
77,76,268
77,70,760
77,79,602
77,81,371
78,77,116
79,77,602
79,90,565
79,85,87
80,76,329
80,73,940
80,81,272
81,77,371
81,80,272
81,82,162
82,81,162
82,89,566
82,99,886
83,85,52
83,84,71
84,83,71
85,79,87
85,86,391
85,83,52
86,72,834
86,85,391
86,91,1041
87,88,22
87,89,296
87,97,541
88,87,22
89,82,566
89,87,296
89,90,11
90,89,11
90,79,565
90,91,502
91,86,1041
91,90,502
91,133,2539
92,73,433
92,96,472
92,93,405
93,95,13
93,94,37
93,92,405
94,93,37
95,96,711
95,97,908
95,99,454
95,93,13
96,92,472
96,98,685
96,95,711
97,99,586
97,87,541
97,95,908
97,100,917
98,102,137
98,96,685
98,100,2098
99,82,886
99,95,454
99,97,586
100,101,57
100,97,917
100,98,2098
101,100,57
102,98,137
102,103,1233
102,107,1717
103,104,2818
103,105,59
103,102,1233
104,197,3671
104,194,7839
104,103,2818
105,103,59
105,109,1224
105,197,2291
106,107,338
106,110,1343
106,208,2589
107,108,59
107,102,1717
107,109,1397
107,106,338
108,107,59
109,105,1224
109,107,1397
109,199,1139
110,111,331
110,106,1343
110,112,1771
111,110,331
112,133,46
112,110,1771
112,210,2174
113,114,81
113,58,1478
113,115,810
113,125,1089
114,113,81
115,56,1138
115,117,510
115,113,810
115,124,882
116,117,37
116,57,893
116,64,995
117,118,132
117,115,510
117,123,848
117,116,37
118,117,132
119,120,315
119,121,341
119,123,570
120,122,148
120,65,380
120,119,315
121,64,636
121,119,341
121,122,26
122,121,26
122,63,661
122,120,148
123,124,504
123,117,848
123,119,570
124,115,882
124,125,643
124,123,504
125,113,1089
125,124,643
125,127,586
126,72,2295
126,127,196
126,132,2883
127,30,2466
127,125,586
127,126,196
128,65,1720
128,129,81
128,140,5343
129,128,81
129,67,570
130,131,246
130,65,2728
130,223,4220
131,130,246
132,126,2883
132,133,247
132,134,1218
133,91,2539
133,132,247
133,112,46
134,135,271
134,132,1218
135,134,271
136,137,71
136,217,2947
137,136,71
138,140,13
138,129,5237
139,138,13
139,182,2717
140,141,14
141,139,13
141,186,817
142,144,70
142,143,57
142,144,750
143,142,57
144,145,494
144,142,750
144,142,70
145,62,3207
145,144,494
145,151,7747
146,147,8
146,147,67
146,148,1438
147,146,67
147,146,8
148,149,281
148,146,1438
148,150,1436
149,148,281
150,148,1436
150,10,720
150,151,2088
151,150,2088
151,145,7747
151,152,1598
152,153,560
152,151,1598
152,155,726
153,154,367
153,152,560
154,153,367
155,152,726
155,171,879
155,181,5935
156,157,133
156,19,184
156,164,432
157,156,133
158,8,3507
158,159,810
158,171,4986
159,158,810
159,19,941
159,160,575
159,161,541
160,159,575
161,162,10
161,159,541
161,166,783
162,161,10
162,175,3677
162,165,1086
163,170,5106
163,166,13
163,162,792
164,165,15
164,156,432
164,161,1082
165,164,15
165,2969,7985
165,22,1376
166,163,13
166,167,344
166,168,4537
167,166,344
168,172,491
168,169,16
168,173,1039
169,168,16
169,170,4095
169,163,4512
170,169,4095
170,189,989
170,163,5106
170,2974,7543
171,155,879
171,10,1992
171,158,4986
171,172,109
172,171,109
172,168,491
172,173,768
173,174,14
173,172,768
173,181,6325
174,173,14
174,187,3042
174,169,1062
175,162,3677
175,176,2212
175,177,609
176,175,2212
177,178,108
177,175,609
178,177,108
179,180,355
179,187,2158
180,179,355
181,182,26
181,155,5935
181,138,2736
182,181,26
182,183,1019
182,174,6339
183,184,573
183,182,1019
183,312,3673
184,183,573
185,186,14
185,139,821
186,185,14
186,223,535
186,224,1214
187,174,3042
187,179,2158
187,190,1101
188,189,11
189,170,989
189,188,11
189,190,1538
189,191,2549
190,189,1538
190,187,1101
190,335,3545
191,192,1214
191,189,2549
191,335,3012
192,193,269
192,191,1214
193,192,269
194,195,12526
194,726,4006
194,104,7839
195,790,6239
195,784,7089
195,196,6837
195,726,10561
195,194,12526
196,195,6837
196,732,3104
196,728,1794
197,198,538
197,105,2291
197,199,407
197,104,3671
197,204,954
198,197,538
199,109,1139
199,201,961
199,197,407
200,201,10
200,229,1434
200,208,2230
201,199,961
201,200,10
201,205,628
202,203,59
202,204,134
203,202,59
204,205,113
204,202,134
204,197,954
205,201,628
205,204,113
205,206,2817
206,205,2817
206,207,1996
206,266,3105
207,237,10
207,240,1593
207,206,1996
208,106,2589
208,200,2230
208,209,1036
208,213,1852
209,208,1036
209,210,1187
209,215,1022
210,112,2174
210,209,1187
210,219,1343
211,212,47
211,228,844
211,227,802
212,211,47
213,214,186
213,208,1852
213,228,959
214,230,63
214,213,186
214,221,1198
214,231,776
215,216,120
215,209,1022
215,221,746
216,215,120
217,136,2947
217,218,1592
217,219,41
218,222,91
218,217,1592
219,220,1127
219,210,1343
219,217,41
220,219,1127
220,234,1234
220,241,1181
221,215,746
221,214,1198
221,234,674
222,218,91
223,224,1058
223,130,4220
223,186,535
223,225,497
224,311,27
224,223,1058
224,315,632
225,226,521
225,223,497
225,315,1750
226,225,521
227,211,802
227,228,76
227,229,551
228,211,844
228,213,959
228,227,76
229,200,1434
229,227,551
229,237,1423
230,214,63
231,214,776
231,232,28
231,233,1014
232,231,28
232,235,784
232,237,1045
233,231,1014
233,234,110
233,238,1496
234,221,674
234,220,1234
234,233,110
235,236,143
235,232,784
235,239,670
236,235,143
237,207,10
237,229,1423
237,232,1045
238,233,1496
238,239,693
238,243,534
239,235,670
239,238,693
239,240,1035
240,207,1593
240,239,1035
240,264,1645
241,220,1181
241,242,690
241,243,531
241,270,2292
242,245,182
242,241,690
243,244,157
243,238,534
243,241,531
244,243,157
245,242,182
246,247,14
246,248,14
246,249,1085
247,248,8
247,258,6
247,246,14
248,253,8
248,247,8
248,246,14
249,262,290
249,246,1085
250,251,7
250,252,1475
250,255,10
251,257,6
251,255,6
251,250,7
252,726,3489
252,250,1475
252,263,3042
253,254,5
253,255,7
253,248,8
254,256,6
254,253,5
254,257,9
255,250,10
255,253,7
255,251,6
256,260,6
256,257,11
256,254,6
257,254,9
257,256,11
257,251,6
258,259,13
258,247,6
258,261,5
259,261,11
259,727,1127
259,258,13
259,260,16
260,259,16
260,261,7
260,256,6
261,258,5
261,259,11
261,260,7
262,249,290
263,252,3042
263,727,2200
263,281,5370
264,240,1645
264,265,1866
264,272,1265
265,268,182
265,270,252
265,264,1866
266,267,237
266,206,3105
267,266,237
268,265,182
268,269,105
269,268,105
270,241,2292
270,265,252
270,271,1048
271,270,1048
271,273,434
271,276,1646
272,264,1265
272,273,1122
272,284,1604
272,277,1996
273,274,72
273,272,1122
273,271,434
274,275,102
274,273,72
275,274,102
276,271,1646
276,283,1713
276,290,682
277,278,2062
277,272,1996
277,287,1286
278,277,2062
278,281,177
278,288,449
279,280,80
279,288,279
280,279,80
281,282,128
281,263,5370
281,278,177
282,738,1891
282,281,128
282,296,1475
283,276,1713
284,272,1604
284,299,1679
284,289,495
285,286,166
285,289,143
286,285,166
287,277,1286
287,288,1301
287,289,76
288,279,279
288,278,449
288,287,1301
289,284,495
289,285,143
289,287,76
290,291,29
290,276,682
290,306,2123
291,290,29
291,416,1441
291,293,2874
292,293,13
292,290,2884
293,375,14
293,382,2099
294,295,206
294,299,1025
295,294,206
296,282,1475
296,738,984
296,297,332
297,298,57
297,296,332
298,297,57
299,284,1679
299,294,1025
299,306,526
299,304,633
300,301,589
300,302,529
300,432,810
301,415,155
301,300,589
301,430,532
302,303,117
302,300,529
302,309,441
303,302,117
304,305,178
304,299,633
304,739,638
305,308,112
305,304,178
306,307,11
306,299,526
306,747,753
307,306,11
307,310,624
307,291,2128
308,305,112
309,302,441
309,310,558
309,438,897
309,432,574
310,307,624
310,749,432
310,309,558
311,312,511
311,224,27
311,185,1245
312,183,3673
312,311,511
312,314,723
313,314,3128
313,317,604
313,322,1913
314,312,723
314,316,264
314,313,3128
315,225,1750
315,292,4145
316,314,264
316,318,1386
316,325,3541
317,313,604
317,328,3977
317,337,4397
318,316,1386
318,319,1285
318,323,2570
319,322,955
319,320,237
319,318,1285
320,319,237
320,321,176
321,320,176
322,313,1913
322,319,955
322,331,2187
323,324,13
323,318,2570
323,325,2072
324,323,13
324,384,1735
324,326,1283
325,327,10
325,316,3541
325,374,507
326,331,13
326,394,1416
326,332,1596
327,325,10
327,378,1315
327,324,2082
328,329,184
328,317,3977
328,330,1050
328,343,1709
329,328,184
330,332,19
330,328,1050
330,331,1598
331,326,13
331,322,2187
331,323,1286
332,330,19
332,333,1054
332,347,2156
333,332,1054
333,334,1486
333,398,1201
334,347,235
334,514,463
334,352,535
334,333,1486
335,336,19
335,190,3545
335,191,3012
335,337,703
336,335,19
337,317,4397
337,335,703
337,342,1639
337,338,2299
338,337,2299
338,339,3336
338,353,2098
339,343,126
339,338,3336
339,346,1779
340,341,26
340,342,822
341,340,26
342,337,1639
342,340,822
342,343,854
343,342,854
343,328,1709
343,339,126
344,345,311
344,356,1180
345,344,311
346,347,13
346,339,1779
346,330,2154
347,346,13
347,334,235
347,349,690
348,349,16
348,350,3129
348,346,710
349,348,16
349,352,104
349,351,2749
350,366,108
350,364,702
350,348,3129
351,367,12
351,542,153
351,370,1543
352,349,104
352,334,535
352,517,1378
353,338,2098
353,354,952
353,355,467
354,362,1433
354,2985,2392
354,353,952
354,2974,7682
355,353,467
355,356,999
355,358,593
356,344,1180
356,355,999
356,357,257
357,356,257
357,359,427
357,364,906
358,359,182
358,355,593
358,362,446
359,360,81
359,357,427
359,358,182
360,361,308
360,359,81
361,360,308
362,358,446
362,363,822
362,354,1433
363,364,255
363,365,3122
363,362,822
364,357,906
364,363,255
364,350,702
365,2986,2579
365,363,3122
365,2989,97
366,367,24
366,368,1591
366,350,108
367,351,12
367,366,24
367,348,2741
368,366,1591
368,369,27
368,371,512
369,370,18
369,368,27
369,367,1525
370,373,1649
370,369,18
370,372,458
371,372,22
371,368,512
371,369,454
372,371,22
372,3017,2013
372,2990,1723
373,543,327
373,545,411
373,370,1649
374,292,14
374,311,4749
375,327,503
375,374,13
376,377,88
376,378,1193
377,376,88
378,376,1193
378,327,1315
378,388,1210
379,380,188
379,381,455
380,379,188
381,379,455
381,383,325
381,388,912
382,383,13
382,444,3067
383,382,13
383,381,325
383,375,2098
384,324,1735
384,395,1495
384,385,448
385,386,92
385,384,448
385,387,1887
386,385,92
386,390,637
386,393,388
387,399,385
387,397,116
387,385,1887
388,389,259
388,378,1210
388,381,912
389,388,259
389,390,1048
389,417,424
390,386,637
390,389,1048
390,418,589
391,392,102
391,393,759
391,421,426
392,391,102
392,418,197
393,386,388
393,410,264
393,391,759
394,395,171
394,326,1416
394,397,314
395,384,1495
395,396,695
395,394,171
396,395,695
397,387,116
397,394,314
397,398,1161
398,402,738
398,333,1201
398,397,1161
399,401,989
399,400,369
399,387,385
400,399,369
401,413,11
401,411,298
401,399,989
402,398,738
402,405,82
402,414,2104
403,404,197
403,405,394
404,403,197
405,406,2859
405,403,394
405,402,82
406,514,1831
406,405,2859
406,523,167
407,409,95
407,408,69
408,407,69
409,458,991
409,407,95
409,410,437
410,409,437
410,393,264
410,455,411
411,401,298
411,412,159
412,411,159
413,464,1147
413,401,11
413,414,990
414,413,990
414,402,2104
414,526,930
415,301,155
416,291,1441
416,425,393
416,430,376
417,389,424
417,422,840
417,443,1278
418,392,197
418,390,589
418,419,203
419,418,203
419,420,189
419,422,254
420,421,221
420,419,189
420,428,459
421,391,426
421,455,405
421,420,221
422,417,840
422,419,254
422,429,1573
423,424,293
423,425,1260
424,423,293
425,435,612
425,416,393
425,423,1260
426,442,739
426,383,1955
427,428,324
427,429,290
428,420,459
428,463,575
428,427,324
429,427,290
429,422,1573
429,446,512
430,301,532
430,416,376
430,431,282
431,430,282
431,436,470
431,433,384
432,300,810
432,309,574
432,436,182
433,434,82
433,431,384
433,439,287
434,433,82
435,901,3039
435,425,612
435,439,332
436,432,182
436,431,470
436,437,709
437,438,1115
437,436,709
437,822,257
437,439,616
438,309,897
438,749,71
438,437,1115
439,433,287
439,435,332
439,437,616
439,833,1196
440,441,76
440,445,1071
441,440,76
442,426,739
442,443,115
442,451,633
443,442,115
443,417,1278
443,446,594
444,445,546
444,453,377
445,440,1071
445,454,27
446,443,594
446,447,506
446,429,512
447,463,419
447,450,234
447,446,506
448,450,446
448,449,65
448,476,1509
449,448,65
450,447,234
450,448,446
450,471,350
451,442,633
451,452,34
451,426,1456
452,453,10
452,451,34
453,454,228
453,452,10
453,838,1171
454,838,1008
454,445,27
454,453,228
455,410,411
455,421,405
455,456,441
456,455,441
456,457,737
456,472,990
457,456,737
457,458,56
457,459,440
458,409,991
458,457,56
458,464,709
459,457,440
459,460,136
460,459,136
461,462,141
461,463,580
462,461,141
463,428,575
463,461,580
463,447,419
464,458,709
464,413,1147
464,468,654
465,467,316
465,466,255
466,465,255
467,465,316
467,468,401
467,570,690
468,464,654
468,467,401
468,469,671
469,468,671
469,470,178
470,469,178
471,450,350
471,472,286
471,473,70
472,456,990
472,471,286
472,474,608
472,490,1633
473,471,70
474,472,608
474,475,532
474,478,454
475,474,532
475,495,418
475,488,660
476,448,1509
476,478,1125
476,477,104
476,836,825
477,476,104
478,474,454
478,479,20
478,476,1125
478,483,390
479,480,540
479,485,381
479,478,20
480,494,89
480,479,540
480,481,122
481,480,122
481,482,83
481,484,277
482,481,83
483,478,390
483,930,846
483,933,146
484,481,277
484,485,177
484,499,540
485,479,381
485,484,177
485,486,121
486,485,121
486,487,36
486,949,339
487,936,234
487,938,294
487,486,36
488,475,660
488,489,120
488,490,251
489,488,120
490,472,1633
490,488,251
490,491,348
491,490,348
491,496,688
491,492,362
492,491,362
492,493,70
492,498,353
492,604,858
493,492,70
494,495,76
494,499,377
494,480,89
495,475,418
495,496,137
495,494,76
496,491,688
496,498,798
496,497,15
496,495,137
497,496,15
498,492,353
498,496,798
498,501,219
498,507,827
499,484,540
499,494,377
499,500,343
500,499,343
500,502,485
500,950,512
500,952,358
501,498,219
501,502,88
501,505,29
502,500,485
502,503,26
502,501,88
503,504,85
503,502,26
503,505,30
504,509,69
504,510,290
504,503,85
505,501,29
505,503,30
505,508,637
506,507,261
506,508,160
506,619,122
507,604,154
507,498,827
507,506,261
507,605,255
508,505,637
508,506,160
508,511,141
508,513,257
509,504,69
510,504,290
510,511,400
510,957,296
510,958,350
511,508,141
511,510,400
512,960,526
512,511,220
513,508,257
513,1178,360
513,512,360
514,334,463
514,519,1617
514,406,1831
515,516,66
515,517,271
516,515,66
517,518,36
517,515,271
517,352,1378
518,517,36
518,519,902
518,546,1397
519,518,902
519,514,1617
519,522,784
520,522,810
520,521,139
521,520,139
522,519,784
522,520,810
522,527,918
523,406,167
523,574,1020
523,581,1096
524,525,100
524,526,160
525,524,100
526,414,930
526,524,160
526,573,648
526,572,904
527,528,69
527,522,918
527,546,867
528,529,299
528,527,69
528,535,542
529,533,331
529,528,299
529,537,472
530,531,187
530,532,338
530,533,361
531,530,187
532,530,338
532,581,289
532,585,692
533,530,361
533,529,331
533,583,485
534,535,324
534,536,79
535,528,542
535,555,602
535,534,324
536,534,79
536,537,281
536,554,645
537,529,472
537,536,281
537,538,288
537,584,442
538,539,102
538,537,288
538,540,528
539,541,54
539,538,102
539,591,763
540,538,528
540,557,392
540,565,654
540,657,604
541,584,346
541,586,151
541,539,54
542,351,153
542,545,551
542,546,1221
543,373,327
543,544,193
544,543,193
545,542,551
545,373,411
545,549,1230
546,518,1397
546,542,1221
546,527,867
546,550,911
547,548,218
547,549,444
548,547,218
549,545,1230
549,547,444
549,558,931
550,546,911
550,551,352
550,552,1025
550,558,911
551,553,378
551,550,352
552,556,11
552,555,10
552,550,1025
553,551,378
554,536,645
554,555,9
554,557,34
555,552,10
555,535,602
555,554,9
556,552,11
556,557,33
556,561,658
557,554,34
557,556,33
557,540,392
558,549,931
558,550,911
558,562,280
559,561,614
559,560,149
559,562,14
560,559,149
561,556,658
561,563,145
561,559,614
561,567,927
562,558,280
562,559,14
562,566,530
563,565,191
563,561,145
563,564,103
564,563,103
565,540,654
565,563,191
565,659,769
566,562,530
566,567,367
566,568,88
567,561,927
567,664,52
567,566,367
568,566,88
568,569,242
568,671,1128
569,568,242
570,467,690
570,571,467
570,600,914
571,570,467
571,575,344
571,572,49
572,526,904
572,571,49
572,573,607
573,526,648
573,572,607
573,574,280
574,523,1020
574,573,280
574,577,463
575,571,344
575,576,173
576,575,173
577,574,463
577,578,331
577,593,558
578,577,331
578,579,24
578,601,1626
579,580,207
579,613,424
579,578,24
580,592,229
580,613,457
580,579,207
581,532,289
581,523,1096
581,582,233
581,588,767
582,581,233
583,584,43
583,533,485
583,585,270
584,537,442
584,583,43
584,541,346
585,532,692
585,583,270
585,587,323
586,541,151
587,585,323
587,588,397
587,589,190
587,590,180
588,581,767
588,594,357
588,595,165
588,587,397
589,587,190
589,590,296
589,591,870
589,599,156
590,595,337
590,587,180
590,589,296
591,539,763
591,655,160
591,589,870
592,593,77
592,580,229
592,614,672
593,577,558
593,594,54
593,592,77
594,593,54
594,588,357
594,626,530
595,588,165
595,596,73
595,590,337
595,627,554
596,595,73
596,597,316
596,635,791
597,596,316
597,599,587
597,598,58
598,597,58
599,589,156
599,597,587
599,636,875
600,570,914
600,601,278
600,604,345
601,578,1626
601,606,296
601,600,278
602,603,75
602,607,417
603,602,75
604,600,345
604,492,858
604,507,154
605,507,255
605,606,100
605,604,174
606,601,296
606,607,187
606,608,137
606,605,100
607,602,417
607,612,837
607,611,100
607,606,187
608,606,137
608,609,5
608,610,5
609,608,5
609,610,2
610,609,2
610,608,5
610,619,410
611,607,100
612,613,448
612,614,598
612,607,837
612,615,36
613,579,424
613,580,457
613,612,448
614,592,672
614,612,598
614,628,300
614,642,1188
615,612,36
615,616,163
615,617,236
616,1194,1359
616,617,220
616,615,163
617,615,236
617,616,220
617,618,767
618,645,125
618,617,767
619,620,190
620,623,327
620,621,164
621,622,49
621,513,68
622,621,49
623,620,327
623,1190,705
623,609,657
624,626,137
624,625,46
624,628,385
625,624,46
626,594,530
626,624,137
626,627,43
627,595,554
627,626,43
627,629,616
628,624,385
628,614,300
628,629,461
629,627,616
629,630,178
629,628,461
629,647,384
630,631,253
630,629,178
630,635,351
631,641,14
631,630,253
631,649,416
631,648,405
632,634,179
632,633,60
632,635,210
632,636,143
633,632,60
634,637,322
634,632,179
634,640,224
635,632,210
635,596,791
635,630,351
635,640,279
636,599,875
636,632,143
636,637,222
637,634,322
637,636,222
637,638,340
638,639,57
638,637,340
638,679,912
639,638,57
640,641,3
640,635,279
640,634,224
641,631,14
641,640,3
642,643,45
642,614,1188
642,644,308
643,645,507
643,642,45
643,1216,550
644,646,80
644,642,308
645,618,125
645,643,507
646,644,80
647,629,384
647,1216,817
647,1227,1249
648,631,405
648,649,152
648,654,498
649,631,416
649,650,74
649,648,152
649,652,507
650,651,98
650,649,74
650,690,706
651,650,98
652,653,20
652,649,507
652,654,175
653,652,20
653,692,56
653,1430,197
654,648,498
654,652,175
654,1228,482
655,591,160
655,656,979
655,657,459
656,658,192
656,655,979
657,540,604
657,655,459
657,659,673
658,656,192
659,657,673
659,565,769
659,660,170
660,659,170
660,661,56
660,664,534
661,662,375
661,660,56
661,663,348
662,661,375
662,663,235
662,680,1964
663,661,348
663,662,235
663,673,304
664,660,534
664,665,36
664,567,52
665,664,36
666,668,471
666,667,33
666,3023,563
666,3041,880
667,669,541
667,670,542
667,666,33
668,3021,503
668,3022,222
668,666,471
669,670,89
669,671,26
669,667,541
670,667,542
670,676,340
670,669,89
671,568,1128
671,672,270
671,669,26
672,673,664
672,671,270
672,676,320
673,663,304
673,674,440
673,672,664
674,673,440
674,675,114
675,674,114
676,672,320
676,670,340
676,677,141
677,676,141
677,678,882
677,3046,1756
678,713,103
678,716,150
678,677,882
679,638,912
679,680,907
679,689,102
680,662,1964
680,683,55
680,679,907
680,684,211
680,685,291
681,682,58
681,685,242
682,681,58
683,680,55
684,680,211
684,688,411
684,702,492
685,680,291
685,681,242
685,688,59
686,687,618
686,698,301
686,688,70
687,689,230
687,686,618
687,696,667
688,685,59
688,684,411
688,686,70
689,679,102
689,687,230
689,690,221
690,689,221
690,650,706
690,691,193
691,690,193
691,692,133
691,693,196
692,653,56
692,691,133
692,693,187
693,694,66
693,692,187
693,691,196
693,704,350
694,695,41
694,693,66
694,1430,195
694,1432,259
695,694,41
696,697,50
696,687,667
696,698,387
697,699,42
697,696,50
698,686,301
698,696,387
698,700,343
699,697,42
700,698,343
700,701,73
700,707,173
701,702,656
701,700,73
701,723,205
702,684,492
702,701,656
702,710,373
703,704,1344
703,705,35
703,706,1314
704,693,350
704,1432,266
704,703,1344
704,1435,273
705,703,35
705,1447,369
705,707,220
706,1438,40
706,703,1314
706,1449,179
707,700,173
707,705,220
707,724,273
708,709,35
708,710,226
709,708,35
710,702,373
710,708,226
710,722,333
711,712,199
711,722,467
711,716,166
712,711,199
712,721,54
713,714,216
713,717,415
713,678,103
714,715,102
714,713,216
715,714,102
716,678,150
716,711,166
716,718,342
717,713,415
717,718,330
717,3049,918
718,721,216
718,716,342
718,717,330
719,720,433
719,721,141
719,1499,796
720,722,164
720,725,276
720,719,433
721,719,141
721,712,54
721,718,216
722,711,467
722,710,333
722,720,164
723,701,205
723,724,6
723,725,9
724,707,273
724,725,5
724,723,6
725,720,276
725,724,5
725,723,9
726,195,10561
726,194,4006
726,252,3489
726,728,3037
727,259,1127
727,263,2200
727,728,4496
727,735,6667
728,726,3037
728,727,4496
728,196,1794
729,730,93
729,731,1785
730,729,93
731,729,1785
731,732,3452
731,737,5419
732,196,3104
732,783,13
732,731,3452
732,787,4814
733,734,1530
733,735,431
734,733,1530
734,746,913
735,733,431
735,727,6667
735,736,1192
736,735,1192
736,737,1733
736,757,1239
737,731,5419
737,736,1733
737,791,2392
738,282,1891
738,296,984
738,739,92
739,304,638
739,740,336
739,738,92
740,741,306
740,747,519
740,739,336
741,740,306
741,742,90
742,741,90
743,745,838
743,744,54
743,744,53
744,746,1171
744,743,54
744,743,53
745,743,838
746,734,913
746,744,1171
746,756,1000
747,740,519
747,748,9
747,758,2279
748,750,702
748,747,9
748,307,746
749,310,432
749,438,71
749,750,245
749,751,481
750,748,702
750,749,245
750,754,989
750,751,495
751,750,495
751,749,481
751,755,373
752,754,559
752,753,71
753,752,71
754,750,989
754,755,1135
754,760,1294
754,752,559
755,751,373
755,827,41
755,754,1135
756,746,1000
756,757,139
756,758,959
757,736,1239
757,777,1625
757,756,139
758,756,959
758,759,18
758,779,2002
759,760,402
759,758,18
759,748,2277
760,759,402
760,754,1294
760,761,297
760,762,234
761,768,87
761,760,297
761,769,311
762,760,234
762,763,205
762,769,399
763,764,386
763,762,205
763,1050,1007
764,765,401
764,763,386
764,829,1494
765,766,73
765,767,412
765,764,401
766,765,73
766,860,493
767,1050,84
767,765,412
767,857,932
768,761,87
769,762,399
769,761,311
769,770,1538
770,771,973
770,769,1538
770,782,305
771,772,170
771,773,56
771,770,973
772,771,170
773,771,56
773,774,1450
773,872,895
774,870,140
774,1051,396
774,773,1450
775,776,174
775,777,435
776,775,174
777,757,1625
777,775,435
777,778,1006
778,777,1006
778,779,514
778,780,2655
779,778,514
779,781,27
779,806,2554
780,796,587
780,778,2655
780,794,633
781,779,27
781,782,1052
781,759,1983
782,781,1052
782,770,305
782,1073,960
782,800,868
783,732,13
784,195,7089
785,786,96
785,795,2432
786,785,96
787,732,4814
787,788,83
787,788,81
788,787,81
788,787,83
788,789,429
789,788,429
789,790,3589
789,810,5048
789,2674,1092
790,195,6239
790,789,3589
791,737,2392
791,795,1719
791,794,1450
792,793,240
792,794,417
793,792,240
794,791,1450
794,792,417
794,780,633
795,791,1719
795,785,2432
795,810,1863
796,797,2612
796,805,2273
796,780,587
797,810,500
797,796,2612
797,2678,5259
798,800,774
798,799,135
799,798,135
800,782,868
800,801,1089
800,798,774
800,802,1289
801,1074,60
801,800,1089
801,1073,269
802,800,1289
802,803,70
802,2098,1980
803,802,70
803,804,1547
803,809,889
804,806,17
804,803,1547
804,781,2575
805,796,2273
805,806,131
805,813,3737
806,805,131
806,804,17
806,814,3145
807,809,473
807,808,252
808,807,252
809,803,889
809,807,473
809,2101,1208
809,817,2201
810,795,1863
810,789,5048
810,797,500
811,812,284
811,813,623
812,811,284
813,811,623
813,805,3737
813,815,1902
814,815,2148
814,819,486
815,813,1902
815,814,2148
815,2677,312
816,817,1514
816,804,3124
817,809,2201
817,2104,2051
817,816,1514
817,2194,776
818,819,526
818,820,230
818,2677,1575
819,2195,9
819,818,526
819,2205,1303
820,818,230
820,821,302
820,2679,1197
821,820,302
822,823,150
822,437,257
822,824,764
823,822,150
824,822,764
824,825,363
824,826,804
824,844,656
825,824,363
825,833,218
825,834,337
826,828,20
826,824,804
827,829,466
827,828,513
827,755,41
828,827,513
828,862,383
828,826,20
828,863,722
829,827,466
829,764,1494
829,857,978
830,831,29
830,832,73
830,844,763
831,830,29
832,830,73
832,863,283
832,826,722
833,439,1196
833,825,218
833,849,1346
834,825,337
834,835,136
834,844,219
835,834,136
836,476,825
836,837,68
836,842,315
837,836,68
838,454,1008
838,841,166
838,902,1549
839,452,1354
839,841,64
840,843,6
840,841,100
840,839,75
841,838,166
841,840,100
842,836,315
842,843,78
842,930,901
843,929,379
843,842,78
843,840,6
844,824,656
844,834,219
844,830,763
844,845,260
845,844,260
845,846,391
845,847,171
846,845,391
846,851,150
846,878,268
847,845,171
847,851,367
847,848,282
848,847,282
848,849,272
848,850,114
849,833,1346
849,855,210
849,848,272
850,848,114
850,854,254
850,881,343
851,847,367
851,846,150
851,852,90
851,879,285
852,853,55
852,854,188
852,851,90
853,852,55
854,852,188
854,850,254
854,881,91
854,884,279
855,856,101
855,897,368
855,849,210
856,855,101
857,829,978
857,859,498
857,767,932
857,858,21
858,860,260
858,857,21
859,861,67
859,857,498
859,862,630
859,874,912
860,766,493
860,858,260
861,859,67
862,828,383
862,859,630
862,873,980
863,832,283
863,866,412
863,864,313
864,867,297
864,865,363
865,878,50
865,890,406
865,880,155
866,863,412
866,873,592
866,869,250
867,864,297
867,868,133
867,890,315
868,867,133
868,869,176
868,877,455
869,866,250
869,868,176
870,774,140
870,871,330
870,872,390
871,874,103
871,870,330
871,876,264
872,773,895
872,1050,132
872,870,390
873,866,592
873,862,980
873,874,88
873,875,218
874,859,912
874,871,103
874,873,88
875,873,218
875,877,254
875,876,34
876,871,264
876,1053,548
876,875,34
877,868,455
877,875,254
877,912,348
878,846,268
878,865,50
878,832,683
879,851,285
879,880,18
879,878,153
880,891,428
880,879,18
880,883,275
881,854,91
881,850,343
881,895,135
881,885,277
882,879,274
882,883,16
883,886,57
884,854,279
884,882,41
885,881,277
885,884,18
886,887,136
886,888,67
887,914,280
887,893,282
887,886,136
888,889,123
888,885,46
889,894,251
889,915,505
889,903,273
889,888,123
890,867,315
890,865,406
890,891,150
890,912,501
891,880,428
891,892,194
891,890,150
892,891,194
892,893,109
892,913,449
893,887,282
893,914,38
893,892,109
894,889,251
894,905,478
894,895,59
895,881,135
895,894,59
895,896,126
896,895,126
897,855,368
897,898,77
897,900,108
898,899,54
898,900,96
898,897,77
899,901,82
899,907,333
899,898,54
900,897,108
900,906,353
900,898,96
901,435,3039
901,899,82
901,902,93
902,901,93
902,838,1549
902,911,312
902,984,870
903,889,273
903,905,240
903,904,248
904,906,85
904,908,213
904,918,368
904,903,248
905,894,478
905,906,81
905,903,240
906,900,353
906,907,355
906,904,85
906,905,81
907,899,333
907,911,18
907,909,96
907,906,355
908,911,253
908,910,198
908,992,444
908,904,213
909,910,415
909,907,96
910,908,198
910,920,289
910,909,415
911,902,312
911,908,253
911,907,18
912,877,348
912,890,501
912,913,198
912,1056,609
913,892,449
913,917,46
913,912,198
914,887,280
914,915,88
914,893,38
915,889,505
915,916,128
915,918,590
915,914,88
916,915,128
917,1057,348
917,921,825
917,913,46
918,904,368
918,915,590
918,919,96
919,918,96
919,920,244
919,921,163
920,923,73
920,919,244
920,910,289
921,919,163
921,917,825
921,922,72
922,924,1181
922,921,72
922,923,123
923,922,123
923,925,214
923,920,73
924,1060,206
924,922,1181
924,1064,348
925,923,214
925,926,40
925,927,181
926,925,40
926,1062,503
926,928,183
927,925,181
927,928,97
927,993,441
928,927,97
928,926,183
928,1090,742
929,843,379
929,931,388
929,944,769
930,842,901
930,483,846
930,932,185
930,941,518
931,929,388
931,932,134
931,944,384
932,930,185
932,943,562
932,931,134
933,483,146
933,935,564
933,936,123
933,934,133
934,938,559
934,935,296
934,940,285
934,933,133
935,934,296
935,939,306
935,933,564
936,487,234
936,937,64
936,933,123
937,936,64
938,487,294
938,951,13
938,934,559
939,940,75
939,941,134
939,935,306
940,934,285
940,946,385
940,939,75
941,939,134
941,930,518
941,942,160
941,943,43
942,964,598
942,941,160
942,943,156
943,932,562
943,942,156
943,941,43
944,929,769
944,931,384
944,945,60
945,944,60
946,940,385
946,965,526
946,955,404
947,948,64
947,985,835
947,988,636
948,947,64
949,486,339
949,950,41
949,951,182
950,949,41
950,500,512
950,953,363
951,949,182
951,955,397
951,938,13
952,500,358
952,953,598
952,957,258
952,954,352
953,950,363
953,955,234
953,954,284
953,966,440
953,952,598
954,952,352
954,953,284
955,951,397
955,946,404
955,956,103
955,953,234
955,965,382
956,955,103
957,510,296
957,952,258
957,963,549
958,510,350
958,962,351
958,959,182
959,958,182
959,960,160
960,512,526
960,961,117
960,959,160
961,1179,341
961,962,275
961,960,117
962,958,351
962,963,138
962,961,275
963,957,549
963,976,25
963,962,138
963,970,669
964,942,598
964,971,523
964,989,627
965,946,526
965,955,382
965,966,308
966,953,440
966,965,308
966,970,248
967,969,215
967,968,90
967,1015,319
968,967,90
969,971,123
969,967,215
969,974,254
969,1013,234
970,966,248
970,971,198
970,963,669
970,972,163
971,964,523
971,970,198
971,969,123
971,973,245
972,970,163
972,973,149
972,980,402
973,971,245
973,972,149
973,974,70
973,978,220
974,969,254
974,975,47
974,1019,134
974,973,70
975,974,47
976,1184,717
976,977,116
976,963,25
977,976,116
977,981,505
977,983,760
978,973,220
978,1025,80
979,1023,77
979,978,84
980,972,402
980,1024,70
980,979,77
981,977,505
981,1026,167
981,982,220
982,983,1031
982,981,220
982,1199,125
982,1028,166
983,1196,84
983,977,760
983,982,1031
983,1197,556
984,902,870
984,985,413
984,994,370
984,992,495
985,947,835
985,984,413
985,987,310
985,1000,294
986,987,295
986,988,142
986,990,265
987,985,310
987,986,295
987,990,317
988,947,636
988,989,277
988,986,142
988,1034,528
989,964,627
989,1014,126
989,988,277
989,1021,1034
990,986,265
990,987,317
990,991,44
990,1034,481
990,1001,280
991,990,44
992,908,444
992,984,495
992,993,250
993,992,250
993,927,441
993,997,341
993,999,423
994,984,370
994,1000,55
994,995,78
995,994,78
995,996,272
995,997,271
996,995,272
996,1003,192
996,999,374
997,995,271
997,993,341
997,998,73
998,997,73
999,993,423
999,996,374
999,1089,355
1000,985,294
1000,994,55
1000,1001,500
1001,1000,500
1001,990,280
1001,1002,348
1001,1005,302
1002,1001,348
1002,1035,351
1003,996,192
1003,1004,75
1003,1005,405
1004,1003,75
1005,1003,405
1005,1001,302
1005,1006,162
1005,1091,300
1006,1005,162
1006,1008,181
1006,1007,338
1007,1091,165
1007,1012,109
1007,1094,413
1007,1006,338
1008,1009,132
1008,1006,181
1008,1113,486
1009,1008,132
1009,1002,210
1010,1012,180
1010,1011,60
1011,1010,60
1012,1092,152
1012,1010,180
1012,1007,109
1013,969,234
1013,1017,83
1013,1015,208
1014,1016,151
1014,989,126
1014,1021,393
1014,1015,23
1015,967,319
1015,1013,208
1015,1014,23
1016,1014,151
1016,1021,230
1016,1017,114
1017,1013,83
1017,1018,97
1017,1016,114
1018,1019,199
1018,1017,97
1018,1021,360
1019,974,134
1019,1020,118
1019,1018,199
1019,1025,240
1020,1019,118
1021,1016,230
1021,1014,393
1021,1018,360
1021,989,1034
1021,1022,84
1022,1021,84
1023,979,77
1023,1024,96
1023,1025,87
1024,980,70
1024,1023,96
1024,1026,194
1024,1041,859
1025,1019,240
1025,978,80
1025,1023,87
1026,981,167
1026,1024,194
1026,1027,173
1027,1026,173
1027,1028,142
1027,1031,196
1028,1027,142
1028,1029,115
1028,1030,150
1029,1287,82
1029,1028,115
1029,1299,998
1029,1199,177
1030,1031,38
1030,1029,243
1031,1027,196
1031,1288,273
1031,1030,38
1032,1033,42
1032,1293,93
1033,1032,42
1034,988,528
1034,990,481
1034,1035,318
1035,1002,351
1035,1034,318
1035,1038,552
1035,1037,440
1036,1037,190
1036,1116,154
1037,1035,440
1037,1114,158
1037,1036,190
1038,1035,552
1038,1039,167
1038,1045,504
1039,1038,167
1039,1040,59
1040,1039,59
1041,1024,859
1041,1043,101
1041,1042,72
1042,1041,72
1043,1044,273
1043,1045,134
1043,1041,101
1044,1043,273
1044,1046,340
1044,1309,340
1045,1043,134
1045,1038,504
1045,1046,445
1045,1122,543
1046,1044,340
1046,1045,445
1046,1047,28
1047,1048,107
1047,1313,82
1047,1046,28
1047,1667,411
1048,1047,107
1048,1049,652
1048,1123,475
1049,1137,691
1049,1126,140
1049,1048,652
1050,763,1007
1050,767,84
1050,872,132
1051,774,396
1051,1052,91
1052,1051,91
1053,876,548
1053,1055,197
1053,1054,91
1054,1053,91
1055,1056,90
1055,1053,197
1055,1072,1638
1056,912,609
1056,1058,340
1056,1055,90
1057,917,348
1057,1058,302
1057,1060,675
1058,1056,340
1058,1059,71
1058,1057,302
1059,1058,71
1060,1057,675
1060,1061,125
1060,924,206
1061,1060,125
1062,926,503
1062,1063,71
1062,1082,424
1063,1062,71
1064,924,348
1064,1065,339
1064,1076,876
1065,1064,339
1065,1066,30
1066,1065,30
1067,1069,143
1067,1068,109
1068,1067,109
1069,1075,922
1069,1073,827
1069,1067,143
1070,1072,527
1070,1071,44
1071,1070,44
1072,1055,1638
1072,1070,527
1072,2099,1082
1073,782,960
1073,1069,827
1073,801,269
1074,1075,178
1074,2096,345
1074,801,60
1075,1069,922
1075,2098,1100
1075,1074,178
1076,1064,876
1076,1077,34
1076,1081,772
1077,1076,34
1078,1079,83
1078,1100,927
1079,1078,83
1080,1081,499
1080,1082,2132
1080,1084,542
1081,1076,772
1081,1083,423
1081,1080,499
1082,1062,424
1082,1090,261
1082,1080,2132
1082,1100,259
1083,2099,278
1083,1081,423
1083,1148,495
1084,1080,542
1084,1085,101
1084,1147,561
1085,1084,101
1086,1087,199
1086,1090,20
1087,1088,202
1087,1086,199
1088,1089,22
1088,1087,202
1089,999,355
1089,1088,22
1089,1097,552
1090,928,742
1090,1086,20
1090,1082,261
1090,1101,497
1091,1005,300
1091,1007,165
1091,1094,489
1092,1093,141
1092,1098,233
1092,1012,152
1093,1092,141
1093,1117,19
1094,1091,489
1094,1007,413
1094,1095,148
1095,1094,148
1095,1096,1
1095,1097,14
1096,1095,1
1097,1089,552
1097,1103,411
1097,1109,666
1097,1095,14
1098,1092,233
1098,1099,51
1099,1098,51
1100,1082,259
1100,1078,927
1100,1102,374
1101,1090,497
1101,1102,42
1101,1105,212
1102,1100,374
1102,1106,227
1102,1101,42
1103,1097,411
1103,1105,4
1103,1104,93
1104,1103,93
1105,1101,212
1105,1106,97
1105,1107,382
1105,1103,4
1106,1102,227
1106,1105,97
1106,1108,338
1107,1105,382
1107,1139,268
1107,1108,168
1107,1109,594
1108,1107,168
1108,1106,338
1108,1144,676
1109,1097,666
1109,1110,244
1109,1107,594
1109,1130,244
1110,1117,644
1110,1109,244
1110,1128,440
1111,1009,478
1111,1113,18
1112,1114,200
1112,1111,16
1113,1008,486
1113,1093,81
1114,1037,158
1114,1112,200
1114,1115,108
1115,1114,108
1115,1116,105
1115,1119,356
1116,1036,154
1116,1115,105
1116,1118,311
1117,1120,688
1117,1110,644
1117,1112,93
1118,1116,311
1118,1119,122
1118,1122,339
1119,1118,122
1119,1115,356
1119,1121,374
1119,1124,408
1120,1117,688
1120,1128,225
1120,1121,178
1121,1119,374
1121,1120,178
1121,1134,556
1122,1118,339
1122,1045,543
1122,1124,448
1123,1048,475
1123,1126,178
1123,1136,825
1124,1119,408
1124,1122,448
1124,1125,107
1124,1135,677
1125,1124,107
1126,1123,178
1126,1049,140
1126,1127,89
1127,1126,89
1128,1120,225
1128,1110,440
1128,1129,58
1129,1128,58
1130,1109,244
1130,1131,226
1130,1134,801
1131,1142,118
1131,1130,226
1131,1132,488
1131,1140,22
1132,1134,633
1132,1131,488
1132,1133,87
1133,1132,87
1134,1130,801
1134,1121,556
1134,1132,633
1134,1135,337
1135,1124,677
1135,1134,337
1135,1136,110
1136,1135,110
1136,1123,825
1136,1160,466
1136,1137,200
1137,1136,200
1137,1049,691
1137,1138,92
1137,1162,438
1138,1137,92
1138,1679,440
1138,1684,637
1139,1107,268
1139,1145,456
1139,1143,488
1140,1131,22
1140,1141,169
1141,1140,169
1142,1143,47
1142,1154,610
1142,1131,118
1143,1139,488
1143,1142,47
1143,1145,597
1144,1108,676
1144,1145,184
1144,1149,1358
1144,1153,643
1145,1139,456
1145,1144,184
1145,1143,597
1145,1146,119
1146,1145,119
1147,1084,561
1147,1148,1269
1147,1149,457
1148,1083,495
1148,1147,1269
1148,2105,2173
1149,1144,1358
1149,1150,100
1149,1147,457
1150,1149,100
1150,2114,641
1150,1153,487
1151,1153,579
1151,1152,549
1151,1154,99
1152,1158,101
1152,1157,164
1152,1155,336
1152,1151,549
1153,1144,643
1153,1150,487
1153,1151,579
1154,1142,610
1154,1151,99
1154,1159,1075
1155,1156,338
1155,1152,336
1155,1161,1125
1156,2116,490
1156,2113,87
1156,1155,338
1157,1152,164
1158,2113,279
1158,2114,130
1158,1152,101
1159,1160,554
1159,1154,1075
1159,1161,83
1160,1136,466
1160,1159,554
1160,1162,235
1160,1170,572
1161,1159,83
1161,1155,1125
1161,2116,1496
1162,1137,438
1162,1160,235
1162,1163,249
1163,1167,72
1163,1166,76
1163,1162,249
1164,1165,114
1164,1162,94
1165,1164,114
1166,1163,76
1166,1168,110
1166,1169,171
1167,1163,72
1168,1169,100
1168,1166,110
1168,1170,300
1168,1823,260
1169,1166,171
1169,1817,309
1169,1168,100
1169,1686,607
1170,1168,300
1170,1160,572
1170,1173,280
1171,1173,126
1171,1174,104
1172,1175,247
1172,1171,41
1173,1170,280
1173,1824,33
1173,1823,278
1173,1171,126
1173,1175,174
1174,1177,200
1174,1172,141
1175,1825,191
1175,1173,174
1175,1172,247
1176,2124,531
1176,1177,70
1176,1170,426
1177,1174,200
1177,1176,70
1177,2129,466
1178,513,360
1178,1180,160
1178,1179,130
1178,623,370
1179,961,341
1179,1178,130
1179,1180,224
1180,1178,160
1180,1181,300
1181,1182,65
1181,1180,300
1181,1188,284
1182,1187,116
1182,1181,65
1183,1184,20
1183,1185,92
1183,1187,871
1184,976,717
1184,1185,72
1184,1183,20
1185,1183,92
1185,1186,617
1185,1184,72
1186,1185,617
1186,1193,135
1186,1189,149
1187,1183,871
1187,1182,116
1187,1189,313
1188,1181,284
1188,1190,134
1189,1187,313
1189,1191,153
1189,1188,129
1190,1188,134
1190,623,705
1190,1192,48
1191,1189,153
1191,1192,24
1191,1193,184
1192,1190,48
1192,1191,24
1192,1195,375
1193,1186,135
1193,1201,207
1194,616,1359
1194,1195,78
1194,1205,1420
1195,1192,375
1195,1194,78
1196,983,84
1197,1198,73
1197,983,556
1197,1201,140
1197,1186,190
1198,1197,73
1199,982,125
1199,1200,1123
1200,1215,162
1200,1199,1123
1200,1305,122
1200,1306,371
1201,1197,140
1201,1202,341
1201,1210,222
1202,1203,36
1202,1201,341
1202,1204,30
1203,1206,158
1203,1202,36
1203,1211,694
1204,1202,30
1204,1207,298
1204,1195,172
1205,1217,32
1205,1194,1420
1205,1204,1513
1206,1208,320
1206,1203,158
1206,1214,759
1207,1208,29
1207,1204,298
1207,1209,95
1208,1209,95
1208,1207,29
1208,1206,320
1209,1208,95
1209,1207,95
1209,1238,1401
1210,1211,209
1210,1212,261
1210,1201,222
1211,1212,94
1211,1213,85
1211,1203,694
1211,1210,209
1212,1211,94
1212,1210,261
1212,1215,730
1213,1211,85
1214,1206,759
1214,1215,491
1214,1303,403
1215,1212,730
1215,1214,491
